-4.6133754287869175
-4.384337868763828
-6.369236960413943
-4.99134903010928
-5.092048368425278
-4.844509088044406
-3.180800676447161
-4.683633835179146
-4.55545786916967
-4.998604668250714
-1.1576511544917483
-4.8475354816193255
-4.539047999044893
-5.089919508487075
-4.85343458240486
-4.808896795134085
-5.21498522990896
-3.1836349426269424
-4.655392849993778
-3.2602158506367265
-3.1821009381907963
-5.389819877028877
-2.0552249938816276
-5.227785770746666
-6.422486866326096
-3.824274883902933
-4.772757342909078
-4.824750750242024
-1.980658176618169
-4.718123503256761
-4.750210746786728
-4.350700760220893
-6.474103568056934
-3.228617942027194
-6.398093744373619
-4.132741461335932
-3.1821009381907963
-6.259324688359546
-3.1918357079535475
-4.802137053179067
-4.557790282565125
-4.8561746115050965
-5.193264534473756
-7.767320163607306
-4.772757342909078
-5.088456965021091
-6.72965891259557
-4.818326805663681
-6.2420989240547025
-4.384337868763827
-5.223660824538889
-3.18080067644716
-6.432167948829928
-3.526557961988371
-1.9023384028501704
-5.241590507722166
-4.830127498461506
-5.0540775425557625
-3.1836349426269437
-4.7158934420572765
-4.211392844135891
-4.435282148418477
-5.241590507722166
-4.998604668250716
-3.6151373658284047
-4.715285352292133
-3.1848562690281517
-5.016277994773798
-5.203950198402573
-4.804852387873852
-4.85343458240486
-4.876898181697293
-5.2923945086546365
-4.437157009641258
-2.0552249938816276
-5.164583928381382
-3.0120175172949484
-5.094252232473214
-5.2923945086546365
-4.922288321894032
-2.8351811798550166
-5.223170032027228
-3.1795004147035257
-3.5265579619883707
-7.52808329719237
-5.206621720782193
-4.918052044455739
-2.055224993881629
-5.254997947180127
-4.8237646277783215
-6.396809054335769
-4.409592222103056
-6.423671056147651
-4.824750750242024
-3.1492027678376284
-4.418872289152872
-6.399153593130219
-5.2107138731512554
-4.539047999044894
-5.155593635505036
-6.2420989240547025
-6.40790752084206
-7.6636155453322825
-4.837818220977223
-4.817347017241756
-3.540379050890097
-6.39029697387233
-6.275734536765977
-3.187611599865508
-6.551519195261276
-5.335718227344705
-6.259324688359545
-6.275734536765977
-3.1521486009700883
-4.893031004763804
-2.559474983826121
-6.646898292721822
-5.335718227344707
-4.435282148418477
-5.906368396165673
-5.335718227344707
-5.21498522990896
-6.087047273639594
-6.303975273360396
-4.527665285199601
-6.417200721972295
-5.199373161298807
-4.585582855890751
-6.551519184616833
-6.546932831366225
-4.684578726019124
-6.430786208899431
-7.767320163607306
-5.1822774289404006
-6.38571060954782
-5.223170032027228
-6.151088682328938
-5.187897045119056
-6.722883655264072
-5.678641246706134
-7.703734742577547
-5.312006196284219
-6.428904099300542
-6.417297771864941
-5.071768914438279
-7.830905584637066
-7.703734742577547
-6.799063117162158
-6.367560694390155
-2.055224993881629
-7.767320141888962
-6.367560694390155
-5.335718227344707
-6.385710598473919
-4.59844262208033
-7.830905584637066
-7.830905584637066
-7.767320163607305
-7.767320141888961
-6.444817903373814
-6.556105560015245
-7.389945615636192
-6.556105560015245
-6.799063117591617
-7.767320163607306
-4.7832235862226735
-7.703734742577547
-6.551519206335177
-6.72298070515672
-7.647701741259011
-6.283311551667869
-6.551519184616835
-7.830905584637066
-5.590061842866099
-6.269955137219625
-6.054227555108384
-7.767320163607306
-7.830905584637066
-6.799063117591617
-7.703734742577547
-7.703734742577547
-7.830905584637066
-7.767320163607306
-7.830905584637066
-7.830905584637066
-5.01423468768062
-7.830905584637066
-7.830905584637066
-6.367560694390155
-6.726304946194493
-7.767320163607305
-3.2602158506367274
-7.767320141888962
-7.767320163607306
-7.52808329719237
-4.802831212899106
-4.520305726169104
-7.830905584637066
-3.1836349426269424
-5.21498522990896
-4.527665285199616
-4.7756689493024425
-7.459014456414215
-4.349342238016441
-3.5374552045456764
-4.7833051804355655
-4.830181989844099
-3.0756382996902847
-3.349583835599441
-5.085394912370914
-7.767320163607325
-4.723744571344313
-4.785927693545842
-6.265701015342524
-4.849422447027979
-4.350700760006154
-3.6581882019814485
-4.895714455384089
-4.772946953217621
-4.103156838105281
-5.312006196284209
-4.808896795134118
-6.417415373679287
-6.406316917817433
-5.241590507722142
-5.081460163717108
-5.092949626930315
-5.103594937036327
-4.508923012323802
-4.738833217054187
-3.187780115372549
-3.144018442373534
-4.652860696929252
-6.41095181794744
-4.808438345997132
-4.566840583014952
-6.4313434855838985
-3.228617942027161
-4.103156838105281
-4.766598704405826
-4.803697383473948
-1.9023384028501438
-4.877944764041424
-4.688067064411669
-6.551519195261292
-4.708909922733217
-4.750835845029313
-3.1808006764472028
-4.497540287834063
-4.892226116991589
-4.853434582404846
-4.981365963889493
-4.837818220977222
-5.121286308918926
-5.028967503961574
-4.818094500324776
-6.306913642955587
-4.767259666260257
-6.265701015342524
-5.1160836248096455
-3.1808006764472037
-6.25932468835955
-4.598442622080285
-4.8028312128990915
-3.26021585063674
-3.183634942626947
-4.426224680540042
-5.014234687680583
-3.355096452307647
-3.1918357079534907
-6.402178006558458
-5.22557527163314
-5.208710179304552
-5.138463196567025
-6.488090980430172
-3.1918357079534903
-2.835181179855018
-4.847885261563462
-4.331731701691147
-4.805694453049041
-4.566840583014952
-5.038561731738076
-4.217769171118874
-4.74526887428323
-6.396809054335819
-4.8255582250906155
-5.175259006248815
-4.426224680540042
-6.421835622102284
-2.0552249938816316
-4.895762980330415
-3.2478615839521465
-4.733660167210308
-5.9063683961655675
-6.4003841057092705
-4.83223512030571
-6.259709460380049
-4.874906255548922
-5.088061342339254
-5.110611758016886
-4.350700760220883
-6.615083053625845
-5.146884105356685
-6.5714942815285085
-3.5483524471030057
-3.824274883902901
-4.728227871323454
-4.751329213111772
-6.4307862088993915
-6.575173805477657
-3.34958383559944
-6.363359285235472
-6.2146741033586785
-5.335718227344721
-7.5280832971920955
-6.105171834762994
-6.556105560015294
-4.784146550657027
-7.767320163607326
-7.5280832971920955
-6.25932468835955
-6.432167948829887
-6.416082158480384
-6.6335418782735776
-7.57863287876269
-7.767320141889044
-7.767320163607326
-7.703734742577579
-7.703734742577578
-7.830905584637071
-6.556105570659704
-7.703734742577579
-6.367560694390168
-4.824395517644614
-7.830905584637071
-7.528083297192095
-6.417200721972279
-4.850232240319768
-7.703734742577579
-7.767320163607325
-6.799063117591624
-6.214674103358679
-6.5515191846168825
-7.830905584637071
-7.830905584637071
-7.830905584637071
-7.830905584637071
-7.767320185325607
-4.497540298478474
-7.663615545332058
-7.767320141889044
-3.18210093819084
-7.2142941702508505
-4.103156838105281
-7.703734742577578
-6.799063117591624
-7.830905584637071
-7.830905584637071
-5.00732447120926
-7.830905584637071
-6.364714009371197
-5.33571822734472
-6.303975273360422
-7.767320163607325
-7.703734742577578
-7.767320141889044
-7.830905584637071
-7.703734742577578
-2.714448182419245
-6.2146741033586785
-6.397317816933143
-6.242914818234874
-7.767320163607325
-7.767320163607325
-7.767320163607325
-4.555457858310481
-7.767320141889044
-6.551519206335165
-5.17245872783362
-6.421835622102284
-7.830905584637071
-2.0552249938816316
-6.430737673093924
-4.83509836024093
-7.767320185325608
-6.430834722986576
-7.647701741258851
-7.767320163607325
-6.432167948829889
-6.367560694390168
-7.647701741258851
-5.094252232473175
-6.25932468835955
-7.528083297192095
-7.830905584637071
-7.767320185325608
-7.767320185325608
-7.767320141889044
-6.431900762268407
-6.283311551667818
