-1.0661086493179344
-0.5400662794919292
-0.5400662794919292
-0.5310513494337629
-0.5400662794919292
-0.7368568629773994
-0.8075949294340151
-0.5490812095500958
-0.2725376295498433
-0.5490812095500955
-0.5400662794919292
-0.5400662794919292
-0.7368568629773994
-0.5400662794919292
-0.343275696006459
-0.7368568629773994
-0.27253762954984356
-0.2725376295498433
-0.5400662794919292
-0.5400662794919292
-0.7458717930355657
-0.7368568629773994
-0.5400662794919292
-0.7458717930355657
-0.2725376295498433
-0.5400662794919292
-0.3342607659482927
-0.343275696006459
-0.5400662794919292
-0.5310513494337629
-0.5310513494337629
-0.7368568629773994
-0.5400662794919292
-0.8075949294340151
-0.5400662794919292
-0.5490812095500958
-0.27253762954984356
-0.35229062606462536
-0.727841932919233
-0.27253762954984356
-0.343275696006459
-0.343275696006459
-0.5490812095500955
-0.27253762954984356
-0.5310513494337629
-0.8075949294340148
-0.8075949294340151
-0.35229062606462536
-0.5400662794919292
-0.5400662794919292
-0.343275696006459
-0.5400662794919292
-0.5400662794919292
-0.5400662794919292
-0.7368568629773994
-0.343275696006459
-0.5490812095500955
-0.5400662794919292
-0.2725376295498433
-0.27253762954984356
-0.27253762954984356
-0.27253762954984356
-0.5400662794919292
-0.7368568629773994
-0.5400662794919292
-0.8075949294340151
-0.5490812095500955
-0.8075949294340148
-1.0661086493179344
-0.8075949294340151
-0.8075949294340148
-0.5400662794919292
-0.8075949294340151
-0.5400662794919292
-0.7368568629773994
-0.8075949294340148
-0.5400662794919292
-0.5400662794919292
-0.7458717930355657
-0.2725376295498433
-0.2725376295498433
-0.5400662794919292
-0.8075949294340151
-0.7368568629773994
-0.5310513494337629
-0.5400662794919292
-0.27253762954984356
-0.5400662794919292
-0.5400662794919292
-0.5400662794919292
-0.5400662794919292
-0.5490812095500955
-0.5400662794919292
-0.8075949294340148
-0.5400662794919292
-0.5400662794919292
-0.2725376295498433
-0.35229062606462536
-0.5400662794919292
-0.5400662794919292
-0.5400662794919292
-0.27253762954984356
-0.8075949294340151
-0.5400662794919292
-0.343275696006459
-0.5400662794919292
-0.5400662794919292
-0.27253762954984356
-0.5400662794919292
0.004005950450408635
-0.5400662794919292
-0.2725376295498433
-0.27253762954984356
-0.5400662794919292
-0.27253762954984356
-0.343275696006459
-0.5400662794919292
-0.5400662794919292
-0.343275696006459
-0.3342607659482927
-0.5400662794919292
-0.3342607659482927
-0.27253762954984356
-0.5400662794919292
-0.8075949294340151
-0.5400662794919292
-0.8075949294340148
-0.7368568629773994
-0.8075949294340151
-0.5400662794919292
-0.5400662794919292
-0.5310513494337629
-0.7458717930355657
-0.2725376295498433
0.004005950450408635
-0.343275696006459
-0.2725376295498433
-0.5400662794919292
-0.5400662794919292
-0.5400662794919292
-0.5400662794919292
-0.5400662794919292
-0.8075949294340151
-0.8075949294340148
-0.3342607659482927
-1.0661086493179344
-0.7368568629773994
-0.2725376295498433
-0.5400662794919292
-0.7368568629773994
-0.5400662794919292
-0.5400662794919292
-0.5490812095500952
-0.27253762954984356
-0.5400662794919292
-0.5400662794919292
-0.7368568629773994
-0.5400662794919292
-0.5400662794919292
-0.5400662794919292
-0.5490812095500952
-0.5400662794919292
-0.7368568629773994
-0.5400662794919292
-0.5400662794919292
-0.5490812095500952
-0.8075949294340148
-0.727841932919233
-1.0661086493179344
-0.5400662794919292
-0.7368568629773994
-0.5400662794919292
-0.5400662794919292
-0.5400662794919292
-0.5400662794919292
-0.8075949294340148
-0.5490812095500958
-0.2725376295498433
-0.5400662794919292
-0.2725376295498433
-0.5400662794919292
-0.7458717930355657
-0.5400662794919292
-0.3342607659482927
-0.727841932919233
-0.8075949294340148
-0.8075949294340151
-0.5400662794919292
0.004005950450408635
-0.5400662794919292
-0.27253762954984356
-0.343275696006459
-0.5400662794919292
-0.35229062606462536
-0.5400662794919292
-0.5310513494337629
-0.5400662794919292
-0.5490812095500952
-0.5400662794919292
-0.5400662794919292
-0.27253762954984356
-0.343275696006459
-0.8075949294340151
-0.8075949294340148
-0.35229062606462536
-0.5400662794919292
-0.2725376295498433
-0.3342607659482927
-0.8075949294340148
-0.5400662794919292
-0.5400662794919292
-0.5310513494337629
-0.8075949294340148
-0.5400662794919292
-0.5400662794919292
-0.343275696006459
-0.5490812095500955
-0.5400662794919292
-0.5400662794919292
-0.5400662794919292
-0.5400662794919292
-0.35229062606462536
-0.27253762954984356
-0.5400662794919292
-1.0661086493179344
-0.343275696006459
-0.8075949294340151
-0.27253762954984356
-0.5400662794919292
-0.5400662794919292
-0.5400662794919292
-0.5400662794919292
-0.5400662794919292
-0.5490812095500958
-0.5490812095500955
-0.5490812095500955
-0.5400662794919292
-0.8075949294340148
-0.27253762954984356
-0.2725376295498433
-0.5400662794919292
-0.27253762954984356
-0.8075949294340151
-0.5400662794919292
-0.7368568629773994
-0.2725376295498433
-0.5400662794919292
-0.5400662794919292
-0.2725376295498433
-0.5490812095500955
-0.5400662794919292
-0.5400662794919292
-0.2725376295498433
-1.0661086493179344
-0.5400662794919292
-0.5400662794919292
-0.8075949294340151
-0.5400662794919292
-0.343275696006459
-0.7368568629773994
-0.5400662794919292
-0.5400662794919292
-0.5400662794919292
-0.5400662794919292
-1.0661086493179344
-0.5400662794919292
-1.0661086493179344
-0.343275696006459
-0.5400662794919292
-0.5400662794919292
-0.5400662794919292
-0.5400662794919292
-0.5400662794919292
-0.7368568629773994
-0.5400662794919292
-0.343275696006459
-0.5400662794919292
-0.7368568629773994
-0.7368568629773994
-0.8075949294340151
-0.8075949294340148
-0.8075949294340151
-0.5400662794919292
-0.5400662794919292
-0.5400662794919292
-0.5400662794919292
-0.5400662794919292
-0.343275696006459
-0.5400662794919292
-0.5400662794919292
-0.2725376295498433
-0.5400662794919292
-0.5400662794919292
-0.27253762954984356
-0.5490812095500955
-0.7368568629773994
-0.5400662794919292
-0.5400662794919292
-0.5400662794919292
-0.343275696006459
-0.5400662794919292
-0.5400662794919292
0.004005950450408635
-0.2725376295498433
-0.5400662794919292
-0.5400662794919292
-0.8075949294340148
-0.8075949294340148
-0.8075949294340151
-0.5400662794919292
-0.5400662794919292
-0.5400662794919292
-0.7368568629773994
-0.8075949294340151
-0.5490812095500952
-0.727841932919233
-0.2725376295498433
-0.8075949294340151
-0.343275696006459
-0.5400662794919292
-0.5310513494337629
-0.7368568629773994
-0.5400662794919292
0.004005950450408635
-0.5400662794919292
-0.5400662794919292
-0.343275696006459
-0.5490812095500955
-0.5400662794919292
-0.5400662794919292
-1.0661086493179344
-0.5490812095500952
-0.7368568629773994
-0.5400662794919292
-0.8075949294340148
-0.5400662794919292
-0.5400662794919292
-0.5400662794919292
-0.5400662794919292
-0.5490812095500955
-0.5490812095500958
-0.8075949294340148
-0.343275696006459
-0.8075949294340151
-0.7368568629773994
-0.5400662794919292
-0.2725376295498433
-0.2725376295498433
-0.5490812095500958
-0.5400662794919292
-0.5400662794919292
-0.5400662794919292
-0.2725376295498433
-0.5400662794919292
-0.2725376295498433
-0.5400662794919292
-0.8075949294340148
-0.5310513494337629
0.004005950450408635
0.004005950450408635
-0.5400662794919292
-0.8075949294340148
-0.5400662794919292
-0.8075949294340148
-0.5400662794919292
-0.7368568629773994
-0.5400662794919292
-0.5400662794919292
-0.27253762954984356
-0.5400662794919292
-0.5400662794919292
-0.343275696006459
-0.8075949294340151
-0.5400662794919292
-0.7368568629773994
-0.7368568629773994
-0.7368568629773994
-0.8075949294340151
-0.5400662794919292
-0.2725376295498433
-1.0661086493179344
-0.5490812095500955
-0.5400662794919292
-0.7458717930355657
-0.5400662794919292
-0.8075949294340151
-0.2725376295498433
-0.5400662794919292
-0.7458717930355657
-0.8075949294340151
-0.27253762954984356
-0.5400662794919292
-0.27253762954984356
-0.5400662794919292
-0.5400662794919292
-0.8075949294340148
-0.5400662794919292
-0.5400662794919292
-0.7368568629773994
-0.5400662794919292
-0.8075949294340151
-0.3342607659482927
-0.7368568629773994
-0.2725376295498433
-0.5400662794919292
-0.8075949294340151
-0.8075949294340148
0.004005950450408635
-0.5400662794919292
-0.5490812095500955
-0.5400662794919292
-0.5400662794919292
-0.343275696006459
-0.343275696006459
-0.343275696006459
-0.343275696006459
-0.5400662794919292
-0.8075949294340151
-0.8075949294340151
-0.8075949294340148
-0.727841932919233
-0.5400662794919292
-0.8075949294340148
0.004005950450408635
-0.2725376295498433
-0.343275696006459
-0.5400662794919292
-0.2725376295498433
-0.343275696006459
-0.5400662794919292
-0.343275696006459
-0.5400662794919292
-0.3342607659482927
-0.5400662794919292
-0.5400662794919292
-0.5490812095500955
-0.5400662794919292
-0.5490812095500955
-0.27253762954984356
-0.5400662794919292
-0.7368568629773994
-0.8075949294340148
-0.5400662794919292
-0.5400662794919292
0.004005950450408635
-0.5400662794919292
-0.7368568629773994
-0.5400662794919292
-0.727841932919233
-0.2725376295498433
-0.5400662794919292
-0.7368568629773994
0.004005950450408635
-0.5400662794919292
-0.7368568629773994
-0.8075949294340151
-0.8075949294340151
-0.8075949294340151
-0.5400662794919292
-0.27253762954984356
-0.5400662794919292
-0.7368568629773994
-0.5490812095500952
-0.3342607659482927
-0.8075949294340151
-0.5400662794919292
-0.27253762954984356
-0.8075949294340148
-0.5400662794919292
-0.7368568629773994
-0.343275696006459
-0.727841932919233
-0.5400662794919292
-0.5400662794919292
0.004005950450408635
-0.27253762954984356
-0.5400662794919292
-0.5310513494337629
-0.5400662794919292
-0.343275696006459
-0.5400662794919292
-0.5490812095500955
-0.5400662794919292
-0.8075949294340148
-0.5400662794919292
-0.7368568629773994
-0.727841932919233
-0.343275696006459
-0.5400662794919292
-0.5490812095500955
-0.5400662794919292
-0.5310513494337629
-1.0661086493179344
-0.27253762954984356
-0.5490812095500955
-0.5400662794919292
-0.343275696006459
-0.5400662794919292
-0.2725376295498433
-0.5400662794919292
-1.0661086493179344
-1.0661086493179344
-0.27253762954984356
-1.0661086493179344
-0.5490812095500952
-0.343275696006459
-0.5490812095500952
-0.5490812095500952
-0.3342607659482927
-0.5400662794919292
-0.8075949294340148
-0.5400662794919292
-1.0661086493179344
-0.2725376295498433
-0.5490812095500952
-0.35229062606462536
-1.0661086493179344
-0.8075949294340148
-1.0661086493179344
-1.0661086493179344
-0.7368568629773994
-0.8075949294340148
-1.0661086493179344
-0.5490812095500952
-1.0661086493179344
-0.7368568629773994
-1.0661086493179344
-0.8075949294340148
-0.2725376295498433
-1.0661086493179344
-0.5490812095500952
-0.5400662794919292
-1.0661086493179344
-1.0661086493179344
-1.0661086493179344
-0.5400662794919292
-1.0661086493179344
-1.0661086493179344
-0.8075949294340148
-1.0661086493179344
-1.0661086493179344
-0.7368568629773994
-0.8075949294340148
-1.0661086493179344
-0.5490812095500958
-0.2725376295498433
-0.8075949294340151
-0.8075949294340151
-1.0661086493179344
-0.5490812095500958
-0.5490812095500952
0.004005950450408635
-1.0661086493179344
-0.8075949294340151
-0.5490812095500958
-0.727841932919233
-1.0661086493179344
-1.0661086493179344
-1.0661086493179344
-0.5400662794919292
-1.0661086493179344
-0.8075949294340151
-0.5400662794919292
-1.0661086493179344
-0.5400662794919292
-0.5490812095500955
-0.8075949294340151
-1.0661086493179344
-0.7458717930355657
-0.5400662794919292
-0.8075949294340151
-0.8075949294340148
-0.5400662794919292
-0.5400662794919292
-1.0661086493179344
0.004005950450408635
-0.5400662794919292
-1.0661086493179344
-0.8075949294340148
-1.0661086493179344
-1.0661086493179344
-1.0661086493179344
-1.0661086493179344
-0.8075949294340151
-0.8075949294340151
-1.0661086493179344
-1.0661086493179344
-0.7458717930355657
-1.0661086493179344
-0.8075949294340148
-1.0661086493179344
-0.5400662794919292
-0.8075949294340148
-1.0661086493179344
-0.5400662794919292
-1.0661086493179344
-0.5400662794919292
-1.0661086493179344
-1.0661086493179344
-0.8075949294340148
-0.8075949294340151
-0.8075949294340148
-0.8075949294340151
-1.0661086493179344
-1.0661086493179344
-1.0661086493179344
-1.0661086493179344
-0.35229062606462536
-0.5490812095500958
-1.0661086493179344
-0.35229062606462536
-1.0661086493179344
-0.343275696006459
-1.0661086493179344
-1.0661086493179344
-1.0661086493179344
-0.3342607659482927
-0.5490812095500952
-1.0661086493179344
-1.0661086493179344
-1.0661086493179344
-0.8075949294340148
-0.5310513494337629
-0.5310513494337629
-0.5400662794919292
-0.8075949294340148
-0.8075949294340151
-1.0661086493179344
-0.8075949294340148
-0.5310513494337629
-1.0661086493179344
-0.5310513494337629
-0.5310513494337629
-0.8075949294340151
-0.5400662794919292
-0.8075949294340151
-0.5310513494337629
-0.3342607659482927
-0.8075949294340148
-1.0661086493179344
-0.8075949294340148
-1.0661086493179344
-1.0661086493179344
-0.5400662794919292
-0.5490812095500958
-0.5310513494337629
-0.727841932919233
-0.8075949294340151
-1.0661086493179344
-0.727841932919233
-1.0661086493179344
-0.3342607659482927
-1.0661086493179344
-0.8075949294340148
-0.5400662794919292
-0.5400662794919292
-0.5400662794919292
-0.5490812095500958
-0.5310513494337629
-1.0661086493179344
-1.0661086493179344
-1.0661086493179344
-1.0661086493179344
-0.8075949294340151
-0.8075949294340148
-0.8075949294340151
-1.0661086493179344
-0.5490812095500958
-0.8075949294340151
-0.5400662794919292
-1.0661086493179344
-0.8075949294340148
-1.0661086493179344
-1.0661086493179344
-1.0661086493179344
-1.0661086493179344
-1.0661086493179344
-1.0661086493179344
-0.5490812095500952
0.004005950450408635
-0.8075949294340151
-0.727841932919233
-1.0661086493179344
-0.8075949294340148
-1.0661086493179344
-0.5490812095500952
-0.8075949294340151
-1.0661086493179344
-0.2725376295498433
-0.5400662794919292
-0.8075949294340151
-1.0661086493179344
-1.0661086493179344
-0.8075949294340151
-1.0661086493179344
-1.0661086493179344
-0.8075949294340148
-0.27253762954984356
-0.8075949294340151
-0.8075949294340151
-0.8075949294340151
-1.0661086493179344
-1.0661086493179344
-1.0661086493179344
-1.0661086493179344
-1.0661086493179344
-1.0661086493179344
-0.8075949294340151
-1.0661086493179344
-0.8075949294340148
-1.0661086493179344
-0.8075949294340151
-0.8075949294340148
-0.5400662794919292
-1.0661086493179344
-0.5400662794919292
-0.27253762954984356
-1.0661086493179344
-0.8075949294340148
-1.0661086493179344
-0.5400662794919292
-1.0661086493179344
-1.0661086493179344
-1.0661086493179344
-0.8075949294340148
-0.5490812095500952
-1.0661086493179344
-0.5400662794919292
-0.8075949294340151
-1.0661086493179344
-0.5490812095500958
-0.8075949294340151
-0.8075949294340151
-1.0661086493179344
-0.5400662794919292
-0.5400662794919292
-0.5400662794919292
-0.8075949294340151
-1.0661086493179344
-1.0661086493179344
-1.0661086493179344
-1.0661086493179344
-1.0661086493179344
-1.0661086493179344
-0.8075949294340151
-1.0661086493179344
-1.0661086493179344
-0.3342607659482927
-1.0661086493179344
-0.8075949294340148
-1.0661086493179344
-1.0661086493179344
-0.8075949294340148
-1.0661086493179344
-1.0661086493179344
-1.0661086493179344
-0.8075949294340151
-1.0661086493179344
-1.0661086493179344
-0.5490812095500958
-1.0661086493179344
-1.0661086493179344
-0.27253762954984356
-0.8075949294340148
-0.3342607659482927
-1.0661086493179344
-1.0661086493179344
-1.0661086493179344
-0.727841932919233
-0.727841932919233
-0.8075949294340151
-1.0661086493179344
-1.0661086493179344
-1.0661086493179344
-0.8075949294340151
-1.0661086493179344
-0.2725376295498433
-0.5490812095500955
-1.0661086493179344
-0.8075949294340148
0.004005950450408635
-0.5490812095500958
-1.0661086493179344
-0.5310513494337629
-1.0661086493179344
-1.0661086493179344
-0.8075949294340151
-0.5490812095500952
-1.0661086493179344
-1.0661086493179344
-0.5310513494337629
-1.0661086493179344
-0.27253762954984356
-1.0661086493179344
-0.8075949294340151
-0.8075949294340151
-0.8075949294340151
-0.8075949294340151
-1.0661086493179344
-1.0661086493179344
-1.0661086493179344
-0.8075949294340151
-0.3342607659482927
-0.5400662794919292
-1.0661086493179344
-0.8075949294340148
-1.0661086493179344
-1.0661086493179344
-0.8075949294340148
-0.3342607659482927
-1.0661086493179344
-1.0661086493179344
-1.0661086493179344
-0.8075949294340148
-1.0661086493179344
-1.0661086493179344
-1.0661086493179344
-1.0661086493179344
-1.0661086493179344
-1.0661086493179344
-1.0661086493179344
-0.5310513494337629
-1.0661086493179344
-1.0661086493179344
-0.3342607659482927
-1.0661086493179344
-1.0661086493179344
-0.8075949294340151
-0.8075949294340148
-0.3342607659482927
-1.0661086493179344
-0.8075949294340148
-0.8075949294340151
-1.0661086493179344
-1.0661086493179344
-1.0661086493179344
-1.0661086493179344
-0.5400662794919292
-0.727841932919233
-1.0661086493179344
-1.0661086493179344
-0.7368568629773994
-0.5490812095500952
-0.7368568629773994
-1.0661086493179344
-1.0661086493179344
-1.0661086493179344
-0.8075949294340151
-0.8075949294340148
-1.0661086493179344
-0.8075949294340151
-1.0661086493179344
-0.8075949294340151
-1.0661086493179344
-0.5400662794919292
-1.0661086493179344
-0.5400662794919292
-1.0661086493179344
-1.0661086493179344
-0.5490812095500958
-0.727841932919233
-1.0661086493179344
-1.0661086493179344
-1.0661086493179344
-1.0661086493179344
-0.5400662794919292
-1.0661086493179344
-0.8075949294340151
-1.0661086493179344
-1.0661086493179344
-0.8075949294340151
-0.727841932919233
-1.0661086493179344
-1.0661086493179344
-1.0661086493179344
-1.0661086493179344
-1.0661086493179344
-1.0661086493179344
-0.5490812095500952
-1.0661086493179344
-1.0661086493179344
-0.8075949294340151
-0.8075949294340151
-1.0661086493179344
-1.0661086493179344
-1.0661086493179344
-1.0661086493179344
-0.5490812095500952
-0.8075949294340151
-0.8075949294340148
-1.0661086493179344
-1.0661086493179344
-0.5490812095500952
-1.0661086493179344
-0.2725376295498433
-1.0661086493179344
-0.5400662794919292
-1.0661086493179344
-0.8075949294340148
-1.0661086493179344
-1.0661086493179344
-1.0661086493179344
-0.2725376295498433
-1.0661086493179344
-0.27253762954984356
-1.0661086493179344
-1.0661086493179344
-0.7368568629773994
-0.5310513494337629
-0.5400662794919292
-1.0661086493179344
-1.0661086493179344
-0.8075949294340148
-1.0661086493179344
-1.0661086493179344
-0.8075949294340148
-1.0661086493179344
-1.0661086493179344
-0.8075949294340148
-1.0661086493179344
-1.0661086493179344
-1.0661086493179344
-1.0661086493179344
-0.5490812095500952
-1.0661086493179344
-0.343275696006459
-1.0661086493179344
-0.8075949294340148
-0.343275696006459
-0.5400662794919292
-1.0661086493179344
-0.8075949294340148
-0.8075949294340148
-0.8075949294340151
-1.0661086493179344
-1.0661086493179344
-1.0661086493179344
-0.5310513494337629
-0.5400662794919292
-1.0661086493179344
-1.0661086493179344
-1.0661086493179344
-1.0661086493179344
-1.0661086493179344
-1.0661086493179344
-0.5310513494337629
-1.0661086493179344
-1.0661086493179344
-1.0661086493179344
-0.8075949294340148
-1.0661086493179344
-1.0661086493179344
-0.8075949294340148
-0.8075949294340151
-0.5310513494337629
-0.5490812095500952
-1.0661086493179344
-1.0661086493179344
-1.0661086493179344
-1.0661086493179344
-1.0661086493179344
-1.0661086493179344
-1.0661086493179344
-1.0661086493179344
-0.8075949294340151
-1.0661086493179344
-1.0661086493179344
-1.0661086493179344
-1.0661086493179344
-1.0661086493179344
-1.0661086493179344
-1.0661086493179344
-0.5400662794919292
-1.0661086493179344
-1.0661086493179344
-1.0661086493179344
-1.0661086493179344
-0.5490812095500952
-0.8075949294340148
-0.27253762954984356
0.004005950450408635
-1.0661086493179344
-1.0661086493179344
-0.727841932919233
-1.0661086493179344
-0.27253762954984356
-1.0661086493179344
-0.5400662794919292
-1.0661086493179344
-1.0661086493179344
-1.0661086493179344
-1.0661086493179344
-1.0661086493179344
-1.0661086493179344
-0.5400662794919292
-0.8075949294340148
-1.0661086493179344
-1.0661086493179344
-1.0661086493179344
-1.0661086493179344
-1.0661086493179357
-0.2725376295498442
-0.3432756960064599
-0.5400662794919301
-0.7368568629774003
-0.5400662794919301
-0.2725376295498442
-0.5400662794919301
-0.807594929434016
-0.5400662794919301
-0.5400662794919301
-0.727841932919234
-0.5400662794919301
-0.807594929434016
-0.5400662794919301
-0.807594929434016
-0.807594929434016
-0.5490812095500963
0.004005950450407969
-1.0661086493179357
-0.5400662794919301
-0.5400662794919301
-0.5400662794919301
-0.5400662794919301
-0.5400662794919301
-0.807594929434016
-0.2725376295498442
-0.807594929434016
-0.5490812095500963
-0.3432756960064599
-0.2725376295498442
-0.5400662794919301
-0.2725376295498442
-0.5400662794919301
-0.5400662794919301
-0.5400662794919301
-0.5490812095500963
-0.807594929434016
-0.2725376295498442
-0.7368568629774003
-0.7368568629774003
-0.2725376295498442
-0.5400662794919301
-0.5400662794919301
-0.5400662794919301
-0.2725376295498442
-0.807594929434016
-0.5400662794919301
-0.807594929434016
-0.7368568629774003
-0.5400662794919301
-0.3432756960064599
-0.5490812095500963
-0.5400662794919301
-0.7368568629774003
-0.5400662794919301
-0.35229062606462613
-0.5400662794919301
-0.3342607659482937
-0.5400662794919301
-0.807594929434016
0.004005950450407969
-0.5310513494337639
-0.727841932919234
-0.5400662794919301
-0.3432756960064599
-0.7368568629774003
-0.2725376295498442
-0.807594929434016
-0.5400662794919301
-0.2725376295498442
-0.3342607659482937
-0.807594929434016
-0.807594929434016
-0.5400662794919301
-0.7368568629774003
-0.5400662794919301
-0.5400662794919301
-0.5400662794919301
-0.7368568629774003
-0.2725376295498442
-0.5400662794919301
-0.5400662794919301
-0.5400662794919301
-0.807594929434016
-0.5400662794919301
-0.5400662794919301
-0.5400662794919301
-0.5400662794919301
-0.5400662794919301
-0.5310513494337639
-0.5490812095500963
-0.5400662794919301
-0.5490812095500963
-0.5310513494337639
-0.5400662794919301
-0.807594929434016
-0.5400662794919301
-0.5400662794919301
-0.5400662794919301
-0.5400662794919301
-0.5490812095500963
-0.7458717930355665
-0.2725376295498442
-0.5400662794919301
-0.7368568629774003
-0.2725376295498442
-0.2725376295498442
-0.3432756960064599
0.004005950450407969
-0.5490812095500963
-0.7368568629774003
-0.2725376295498442
-0.7458717930355665
-0.5400662794919301
-0.2725376295498442
-0.807594929434016
-0.807594929434016
-0.5490812095500963
-0.5400662794919301
-0.5400662794919301
-0.35229062606462613
-0.5490812095500963
-0.807594929434016
-0.5490812095500963
-0.2725376295498442
-0.807594929434016
-0.5400662794919301
-0.5400662794919301
-0.3432756960064599
-0.5400662794919301
-0.7368568629774003
-0.5400662794919301
-0.5400662794919301
-0.5400662794919301
-0.807594929434016
-0.7368568629774003
-0.5400662794919301
-0.7368568629774003
-0.5490812095500963
-0.807594929434016
-0.5400662794919301
-0.5400662794919301
-0.2725376295498442
-0.5400662794919301
-0.7368568629774003
-0.7368568629774003
-0.807594929434016
-0.3432756960064599
-0.807594929434016
-1.0661086493179357
-0.5400662794919301
-0.35229062606462613
0.004005950450407969
-0.5400662794919301
-0.5400662794919301
-0.2725376295498442
-0.807594929434016
-0.807594929434016
-0.5400662794919301
-0.2725376295498442
-0.807594929434016
-0.5400662794919301
-0.3432756960064599
-0.2725376295498442
-0.7368568629774003
-0.807594929434016
-0.3342607659482937
-0.5400662794919301
-0.807594929434016
-1.0661086493179357
-0.5310513494337639
-0.5400662794919301
-0.7368568629774003
-0.5400662794919301
-0.5400662794919301
-0.807594929434016
-0.5400662794919301
-1.0661086493179357
-0.2725376295498442
-0.7368568629774003
-0.2725376295498442
-0.7368568629774003
-0.3432756960064599
-0.2725376295498442
-0.807594929434016
-0.2725376295498442
-0.5400662794919301
-0.5400662794919301
-0.2725376295498442
-0.2725376295498442
-0.5400662794919301
-0.727841932919234
-0.807594929434016
-0.5400662794919301
-0.5400662794919301
-0.2725376295498442
-0.7368568629774003
-0.5400662794919301
-0.5400662794919301
-0.5400662794919301
-0.5400662794919301
-0.807594929434016
-0.5400662794919301
-0.5400662794919301
-0.807594929434016
-0.2725376295498442
-0.807594929434016
-0.807594929434016
-0.7458717930355665
-0.2725376295498442
-0.5400662794919301
-0.3432756960064599
-0.5400662794919301
-0.5400662794919301
-0.807594929434016
-0.2725376295498442
-0.3432756960064599
-0.5400662794919301
-0.5400662794919301
-0.807594929434016
-0.3432756960064599
-0.5400662794919301
-1.0661086493179357
-0.5400662794919301
-0.727841932919234
-0.5400662794919301
-0.3432756960064599
-0.5400662794919301
-1.0661086493179357
-0.5490812095500963
-0.3432756960064599
-0.3432756960064599
-0.2725376295498442
-0.807594929434016
-0.5310513494337639
-0.5400662794919301
-0.5400662794919301
-0.5310513494337639
-0.5400662794919301
-0.5400662794919301
-0.5400662794919301
-0.5400662794919301
-0.807594929434016
-0.7368568629774003
-0.807594929434016
-0.5400662794919301
-0.3342607659482937
-0.727841932919234
-0.5400662794919301
-0.5400662794919301
-0.7368568629774003
-0.7368568629774003
-0.5400662794919301
-0.5400662794919301
-0.5310513494337639
-0.5400662794919301
-0.5400662794919301
-0.5400662794919301
-0.7368568629774003
-0.5400662794919301
-0.5400662794919301
-0.5310513494337639
-0.5400662794919301
-0.5400662794919301
-0.5400662794919301
-0.5490812095500963
-0.7458717930355665
-0.5400662794919301
-0.7368568629774003
-0.5400662794919301
-0.35229062606462613
-0.5490812095500963
-0.2725376295498442
-0.3432756960064599
-0.2725376295498442
-0.3432756960064599
-0.5400662794919301
0.004005950450407969
-0.5310513494337639
-1.0661086493179357
-0.7368568629774003
-0.727841932919234
-0.3432756960064599
-0.3432756960064599
-0.727841932919234
-0.5400662794919301
-0.807594929434016
-0.2725376295498442
-0.5400662794919301
-0.5490812095500963
-0.7368568629774003
-0.5400662794919301
-0.5400662794919301
-0.3432756960064599
-0.5310513494337639
-0.807594929434016
-0.807594929434016
-0.727841932919234
-0.5490812095500963
-0.807594929434016
-0.5310513494337639
-0.807594929434016
-0.7368568629774003
-0.7368568629774003
-0.807594929434016
-0.5400662794919301
-0.5400662794919301
-0.5400662794919301
-0.5400662794919301
-0.807594929434016
-0.2725376295498442
-0.5400662794919301
-0.5400662794919301
-0.5490812095500963
-0.807594929434016
-0.807594929434016
-0.5400662794919301
-0.5400662794919301
-0.5400662794919301
-0.2725376295498442
-0.2725376295498442
-0.7368568629774003
-0.807594929434016
-0.5400662794919301
-0.5400662794919301
0.004005950450407969
-0.5400662794919301
-0.807594929434016
-0.727841932919234
-0.5400662794919301
-0.5310513494337639
-0.7368568629774003
-0.807594929434016
-0.5310513494337639
-0.5400662794919301
-0.5400662794919301
-1.0661086493179357
-0.5400662794919301
-0.5400662794919301
0.004005950450407969
-0.5400662794919301
-0.5400662794919301
-0.3432756960064599
-0.5400662794919301
-0.3432756960064599
-0.807594929434016
-0.7368568629774003
-0.2725376295498442
-0.7368568629774003
-0.5400662794919301
-0.807594929434016
-0.5400662794919301
-0.5400662794919301
-0.5400662794919301
-0.5400662794919301
-0.2725376295498442
-0.807594929434016
-0.807594929434016
0.004005950450407969
-0.2725376295498442
-0.5400662794919301
-0.5400662794919301
-0.3432756960064599
-0.5400662794919301
-0.807594929434016
-0.807594929434016
-0.5310513494337639
-0.5400662794919301
-0.5490812095500963
-0.5400662794919301
-0.807594929434016
-0.5400662794919301
-0.2725376295498442
-0.807594929434016
-0.5400662794919301
-0.7368568629774003
-0.5400662794919301
-0.2725376295498442
-0.5400662794919301
-0.807594929434016
-0.5400662794919301
-0.2725376295498442
-0.2725376295498442
-0.2725376295498442
-0.5400662794919301
-0.807594929434016
-0.5400662794919301
-0.807594929434016
-0.5310513494337639
-0.5400662794919301
0.004005950450407969
-0.5310513494337639
-0.5490812095500963
-0.727841932919234
0.004005950450407969
-0.5400662794919301
-0.5490812095500963
-0.5400662794919301
-0.2725376295498442
-0.807594929434016
-0.3432756960064599
-0.2725376295498442
-0.5400662794919301
-0.7368568629774003
-0.5400662794919301
-0.5400662794919301
-0.5400662794919301
-0.2725376295498442
-0.5490812095500963
-0.807594929434016
-0.2725376295498442
-0.7368568629774003
-0.5400662794919301
-0.807594929434016
-0.807594929434016
-0.807594929434016
-0.5400662794919301
-0.5490812095500963
-0.7368568629774003
-0.5400662794919301
-0.3432756960064599
-0.3432756960064599
-0.35229062606462613
-0.5490812095500963
-0.5400662794919301
-0.3432756960064599
-0.5400662794919301
-0.5490812095500963
-0.2725376295498442
-0.2725376295498442
-0.727841932919234
-0.35229062606462613
-0.5400662794919301
-0.7458717930355665
-0.807594929434016
-0.7368568629774003
-0.5400662794919301
-0.807594929434016
-0.5400662794919301
-0.5400662794919301
-0.5400662794919301
-0.5400662794919301
-0.5400662794919301
-0.2725376295498442
-0.5400662794919301
-0.5400662794919301
-0.807594929434016
-0.807594929434016
-0.5400662794919301
-0.5400662794919301
-0.807594929434016
-0.3432756960064599
-0.2725376295498442
-0.5400662794919301
-0.5310513494337639
-0.807594929434016
-0.5400662794919301
-0.2725376295498442
-0.5400662794919301
-0.5400662794919301
-0.5400662794919301
-0.3342607659482937
-0.5490812095500963
-0.5400662794919301
0.004005950450407969
-0.5310513494337639
-0.3432756960064599
-0.5400662794919301
-0.807594929434016
-1.0661086493179357
-0.7368568629774003
-1.0661086493179357
-0.5400662794919301
-0.5400662794919301
-0.5400662794919301
-0.807594929434016
-0.5490812095500963
-0.3432756960064599
-0.5490812095500963
-0.5400662794919301
-0.5400662794919301
-0.5400662794919301
-1.0661086493179357
-0.2725376295498442
-0.2725376295498442
-0.807594929434016
-0.5400662794919301
-0.3432756960064599
-0.2725376295498442
-0.807594929434016
-0.807594929434016
-0.5400662794919301
-0.5310513494337639
-0.3432756960064599
-0.5400662794919301
-0.5310513494337639
-0.2725376295498442
-0.807594929434016
-0.5310513494337639
-1.0661086493179357
-0.5400662794919301
0.004005950450407969
-0.3342607659482937
-0.5310513494337639
-0.5490812095500963
-0.3432756960064599
-1.0661086493179357
-1.0661086493179357
-1.0661086493179357
-1.0661086493179357
-0.807594929434016
-0.5490812095500963
-0.807594929434016
-0.807594929434016
-0.5490812095500963
-1.0661086493179357
-0.5490812095500963
-1.0661086493179357
-1.0661086493179357
-0.5310513494337639
-0.807594929434016
-1.0661086493179357
-0.807594929434016
-0.807594929434016
-1.0661086493179357
-0.5310513494337639
-1.0661086493179357
-1.0661086493179357
-0.5310513494337639
-1.0661086493179357
-1.0661086493179357
-1.0661086493179357
-0.807594929434016
-1.0661086493179357
-1.0661086493179357
-1.0661086493179357
-0.7368568629774003
-1.0661086493179357
-1.0661086493179357
-0.807594929434016
-1.0661086493179357
-0.807594929434016
-1.0661086493179357
-0.5310513494337639
-0.5490812095500963
-1.0661086493179357
-1.0661086493179357
-0.807594929434016
-0.807594929434016
-1.0661086493179357
-0.807594929434016
-0.2725376295498442
0.004005950450407969
-1.0661086493179357
-1.0661086493179357
-0.35229062606462613
-0.5400662794919301
-0.5490812095500963
-0.807594929434016
-0.727841932919234
-1.0661086493179357
-1.0661086493179357
-1.0661086493179357
-0.3432756960064599
-1.0661086493179357
-1.0661086493179357
-1.0661086493179357
-0.807594929434016
-0.5310513494337639
-0.807594929434016
-1.0661086493179357
-1.0661086493179357
-1.0661086493179357
-0.5400662794919301
-0.5490812095500963
-0.5400662794919301
-0.5310513494337639
-1.0661086493179357
-0.5400662794919301
-1.0661086493179357
-1.0661086493179357
-1.0661086493179357
-0.807594929434016
-1.0661086493179357
-1.0661086493179357
-0.807594929434016
-1.0661086493179357
-1.0661086493179357
-0.807594929434016
-1.0661086493179357
-0.807594929434016
-0.807594929434016
-0.5490812095500963
-0.5400662794919301
-1.0661086493179357
-0.5310513494337639
-1.0661086493179357
-1.0661086493179357
-0.5310513494337639
-0.807594929434016
-1.0661086493179357
-0.5490812095500963
-0.5490812095500963
-0.807594929434016
-0.807594929434016
-0.807594929434016
-0.807594929434016
-1.0661086493179357
-1.0661086493179357
-1.0661086493179357
-1.0661086493179357
-1.0661086493179357
-1.0661086493179357
-1.0661086493179357
-0.807594929434016
-1.0661086493179357
-1.0661086493179357
-0.807594929434016
-0.5490812095500963
-1.0661086493179357
-1.0661086493179357
-1.0661086493179357
-1.0661086493179357
-1.0661086493179357
-1.0661086493179357
-1.0661086493179357
-1.0661086493179357
-0.5490812095500963
-1.0661086493179357
-1.0661086493179357
-0.807594929434016
-1.0661086493179357
-0.807594929434016
-0.807594929434016
-1.0661086493179357
-0.5310513494337639
-0.5400662794919301
-0.807594929434016
-0.807594929434016
-1.0661086493179357
-1.0661086493179357
-1.0661086493179357
-1.0661086493179357
-1.0661086493179357
-0.807594929434016
-0.807594929434016
-1.0661086493179357
-0.5310513494337639
-1.0661086493179357
-0.807594929434016
-0.807594929434016
-1.0661086493179357
-1.0661086493179357
-0.3342607659482937
-0.5400662794919301
-0.807594929434016
-0.7368568629774003
-1.0661086493179357
-0.807594929434016
-1.0661086493179357
-0.807594929434016
-1.0661086493179357
-1.0661086493179357
-0.807594929434016
-0.5400662794919301
-0.807594929434016
-0.5400662794919301
-0.807594929434016
0.004005950450407969
-1.0661086493179357
-1.0661086493179357
-0.5490812095500963
-1.0661086493179357
-0.807594929434016
-1.0661086493179357
-0.5490812095500963
-1.0661086493179357
-1.0661086493179357
-0.727841932919234
-1.0661086493179357
-1.0661086493179357
-0.807594929434016
-1.0661086493179357
-0.3342607659482937
-1.0661086493179357
-1.0661086493179357
-0.807594929434016
-1.0661086493179357
-1.0661086493179357
-1.0661086493179357
-1.0661086493179357
-0.5490812095500963
-1.0661086493179357
-0.807594929434016
-1.0661086493179357
-0.727841932919234
-0.7458717930355665
-0.807594929434016
0.004005950450407969
-1.0661086493179357
-1.0661086493179357
-1.0661086493179357
-1.0661086493179357
-0.807594929434016
-0.807594929434016
-1.0661086493179357
-1.0661086493179357
-1.0661086493179357
-1.0661086493179357
-0.2725376295498442
-0.807594929434016
-0.5310513494337639
-1.0661086493179357
-1.0661086493179357
-0.5310513494337639
-1.0661086493179357
-1.0661086493179357
-0.807594929434016
-1.0661086493179357
-1.0661086493179357
-0.807594929434016
-0.5400662794919301
-0.807594929434016
-1.0661086493179357
-0.7368568629774003
-1.0661086493179357
-1.0661086493179357
-0.5490812095500963
-1.0661086493179357
-0.807594929434016
-1.0661086493179357
-1.0661086493179357
-0.807594929434016
-1.0661086493179357
-1.0661086493179357
-0.5490812095500963
-1.0661086493179357
-1.0661086493179357
-0.727841932919234
-1.0661086493179357
-0.807594929434016
-1.0661086493179357
-0.5310513494337639
-0.5400662794919301
-0.807594929434016
-0.3342607659482937
-1.0661086493179357
-0.5310513494337639
-0.3342607659482937
-1.0661086493179357
-1.0661086493179357
-1.0661086493179357
-0.5490812095500963
-1.0661086493179357
-1.0661086493179357
-0.807594929434016
-1.0661086493179357
-1.0661086493179357
-1.0661086493179357
-0.807594929434016
-1.0661086493179357
-0.807594929434016
-1.0661086493179357
-0.5400662794919301
-1.0661086493179357
-1.0661086493179357
-0.807594929434016
-0.5400662794919301
-0.807594929434016
-1.0661086493179357
-1.0661086493179357
-1.0661086493179357
-1.0661086493179357
-0.5400662794919301
-0.5490812095500963
-0.3432756960064599
-1.0661086493179357
-0.2725376295498442
-1.0661086493179357
-0.2725376295498442
-0.5400662794919301
-1.0661086493179357
-0.5310513494337639
-1.0661086493179357
-1.0661086493179357
-1.0661086493179357
-1.0661086493179357
-0.5310513494337639
-1.0661086493179357
-1.0661086493179357
-0.807594929434016
-1.0661086493179357
-0.5400662794919301
-1.0661086493179357
-1.0661086493179357
-1.0661086493179357
-0.807594929434016
-1.0661086493179357
-1.0661086493179357
-1.0661086493179357
-0.5400662794919301
-0.807594929434016
-1.0661086493179357
-1.0661086493179357
-1.0661086493179357
-0.727841932919234
-1.0661086493179357
-1.0661086493179357
-1.0661086493179357
-1.0661086493179357
-1.0661086493179357
-1.0661086493179357
-0.5400662794919301
-0.807594929434016
-1.0661086493179357
-1.0661086493179357
-1.0661086493179357
-0.807594929434016
-1.0661086493179357
-0.5400662794919301
-1.0661086493179357
-0.807594929434016
-1.0661086493179357
-1.0661086493179357
-0.727841932919234
-1.0661086493179357
-0.5490812095500963
-1.0661086493179357
-0.807594929434016
-1.0661086493179357
-1.0661086493179357
-1.0661086493179357
-1.0661086493179357
-0.807594929434016
-0.5490812095500963
-0.3342607659482937
-1.0661086493179357
-1.0661086493179357
-0.807594929434016
-1.0661086493179357
-1.0661086493179357
-1.0661086493179357
-1.0661086493179357
-1.0661086493179357
-1.0661086493179357
-0.807594929434016
-0.5400662794919301
-1.0661086493179357
-1.0661086493179357
-1.0661086493179357
-1.0661086493179357
-0.807594929434016
-1.0661086493179357
-0.5400662794919301
-0.807594929434016
-1.0661086493179357
-1.0661086493179357
-0.5490812095500963
-1.0661086493179357
-1.0661086493179357
-0.807594929434016
-0.5490812095500963
-1.0661086493179357
-1.0661086493179357
-0.5490812095500963
-1.0661086493179357
-0.807594929434016
-0.807594929434016
-1.0661086493179357
-1.0661086493179357
-0.807594929434016
-1.0661086493179357
-1.0661086493179357
-0.807594929434016
-1.0661086493179357
-1.0661086493179357
-1.0661086493179357
-0.5490812095500963
-0.5400662794919301
-0.7368568629774003
-1.0661086493179357
-1.0661086493179357
-0.2725376295498442
-1.0661086493179357
-1.0661086493179357
-1.0661086493179357
-1.0661086493179357
-1.0661086493179357
-0.5400662794919301
-1.0661086493179357
-0.807594929434016
-0.5490812095500963
-1.0661086493179357
-0.807594929434016
-0.807594929434016
-1.0661086493179357
-0.807594929434016
-1.0661086493179357
-1.0661086493179357
-1.0661086493179357
-1.0661086493179357
-1.0661086493179357
-0.5490812095500963
-1.0661086493179357
-0.807594929434016
-1.0661086493179357
-1.0661086493179357
-1.0661086493179357
-1.0661086493179357
-1.0661086493179357
-0.2725376295498442
-0.807594929434016
-1.0661086493179357
-1.0661086493179357
-0.5310513494337639
-0.3432756960064599
-1.0661086493179357
-0.807594929434016
-1.0661086493179357
-1.0661086493179357
-0.807594929434016
-0.807594929434016
-0.807594929434016
-0.807594929434016
-0.5400662794919301
-0.807594929434016
-1.0661086493179357
-0.807594929434016
-1.0661086493179357
-1.0661086493179357
-1.0661086493179357
-1.0661086493179357
0.004005950450407969
-1.0661086493179357
-1.0661086493179357
-1.0661086493179357
-0.807594929434016
-1.0661086493179357
-0.5400662794919301
-0.807594929434016
-1.0661086493179357
-0.807594929434016
-1.0661086493179357
-1.0661086493179357
-1.0661086493179357
-0.807594929434016
-1.0661086493179357
-1.0661086493179357
-1.0661086493179357
-1.0661086493179357
-1.0661086493179357
-1.0661086493179357
-1.0661086493179357
-0.807594929434016
-0.807594929434016
-0.727841932919234
-1.0661086493179357
-1.0661086493179357
-1.0661086493179357
-1.0661086493179357
-1.0661086493179357
-1.0661086493179357
-1.0661086493179357
-0.727841932919234
-0.807594929434016
-0.5490812095500963
-1.0661086493179357
-0.807594929434016
-1.0661086493179357
-0.5490812095500963
-1.0661086493179357
-1.0661086493179357
-1.0661086493179357
-0.5400662794919301
-1.0661086493179357
-1.0661086493179357
-1.0661086493179357
-1.0661086493179357
-1.0661086493179357
-1.0661086493179357
-1.0661086493179357
-1.0661086493179357
-1.0661086493179357
-1.0661086493179357
-0.3432756960064599
0.004005950450407969
-1.0661086493179357
-1.0661086493179357
-0.5490812095500963
-1.0661086493179357
-1.0661086493179357
-1.0661086493179357
-1.0661086493179357
-1.0661086493179357
-0.807594929434016
-1.0661086493179357
0.004005950450407969
-1.0661086493179357
-0.5400662794919301
-1.066108649317936
-0.8075949294340162
-0.5400662794919303
-0.2725376295498444
-0.7458717930355667
-1.066108649317936
-0.7368568629774005
-0.5400662794919303
-0.5400662794919303
-0.34327569600646013
-0.5490812095500965
-1.066108649317936
-0.8075949294340162
-0.5400662794919303
-0.5400662794919303
-0.8075949294340162
-1.066108649317936
-0.34327569600646013
-0.5400662794919303
-0.8075949294340162
-1.066108649317936
-0.5490812095500965
-0.5490812095500965
-0.3342607659482939
-0.8075949294340162
-0.7278419329192343
-0.5400662794919303
-0.5400662794919303
-0.2725376295498444
-0.8075949294340162
-0.5400662794919303
-0.5400662794919303
-0.5490812095500965
-0.5400662794919303
-0.5400662794919303
-0.7368568629774005
-1.066108649317936
-1.066108649317936
-0.2725376295498444
-0.7368568629774005
